 0  1
12  4
16 29
 1 49
42  2
20 29
22 35
23 43
29  4
21  0
 6 11
49 25
16 22
20 22
22 19
42  4
19 11
48  1
29  6
43 23
33 49
47 11
16 42
12 20
23 20
22 30
12 47
23 47
29 20
 1 12
35 23
34  0
 2 29
12  6
23  6
22 16
 6 29
 4 29
19 29
30 29
 2 22
 0 34
20 12
 6 22
 4 22
42  6
23 35
 6 49
19 22
30 22
22  2
12  1
19 49
 2 42
20 23
22 20
12 19
 6 42
47 22
35 11
29  1
30 42
22  4
29 19
11 47
 1 48
25 49
49  6
22  6
48 25
49 33
29 30
11  6
 2 12
42 30
 6 12
 4 12
19 12
49  1
22 47
 2 23
 4 42
11 35
49 19
29 16
 6 23
47 12
42 16
11 19
35 22
12  2
23  2
 1 29
25 48
47 23
 0 21
29  2