  0    1    2    3    4    5    6    7    8    9    10   11   12   13   14   15   16
21.0 34.0                                                                           
 2.0  4.0  6.0 12.0 19.0 25.0 29.0 33.0 47.0 48.0 49.0                              
 1.0  4.0  6.0 12.0 16.0 19.0 20.0 22.0 23.0 29.0 30.0 35.0 42.0 43.0 47.0          
                                                                                    
 1.0  2.0  6.0 12.0 16.0 19.0 20.0 22.0 29.0 35.0 42.0 47.0                         
27.0 30.0                                                                           
 1.0  2.0  4.0 11.0 12.0 16.0 19.0 20.0 22.0 23.0 29.0 33.0 35.0 42.0 43.0 47.0 49.0
11.0 13.0 23.0                                                                      
                                                                                    
14.0 27.0 30.0 31.0                                                                 
                                                                                    
 6.0  7.0 12.0 13.0 19.0 23.0 35.0 39.0 47.0                                        
 1.0  2.0  4.0  6.0 11.0 19.0 20.0 23.0 47.0                                        
 7.0 11.0 23.0                                                                      
 9.0 31.0                                                                           
                                                                                    
 2.0  4.0  6.0 19.0 20.0 22.0 29.0 30.0 35.0 42.0 47.0                              
                                                                                    
                                                                                    
 1.0  2.0  4.0  6.0 11.0 12.0 16.0 20.0 22.0 29.0 33.0 35.0 47.0 49.0               
 2.0  4.0  6.0 12.0 16.0 19.0 22.0 23.0 29.0 35.0 47.0                              
 0.0 31.0                                                                           
 2.0  4.0  6.0 16.0 19.0 20.0 29.0 30.0 35.0 47.0                                   
 2.0  6.0  7.0 11.0 12.0 13.0 20.0 35.0 39.0 43.0 47.0                              
                                                                                    
 1.0 33.0 37.0 48.0 49.0                                                            
                                                                                    
 5.0  9.0 30.0 31.0                                                                 
                                                                                    
 1.0  2.0  4.0  6.0 16.0 19.0 20.0 22.0 30.0 42.0                                   
 2.0  5.0  9.0 16.0 22.0 27.0 29.0 42.0                                             
 9.0 14.0 21.0 27.0                                                                 
                                                                                    
 1.0  6.0 19.0 25.0 49.0                                                            
 0.0                                                                                
 2.0  4.0  6.0 11.0 16.0 19.0 20.0 22.0 23.0 47.0                                   
                                                                                    
25.0                                                                                
                                                                                    
11.0 23.0                                                                           
                                                                                    
                                                                                    
 2.0  4.0  6.0 16.0 29.0 30.0                                                       
 2.0  6.0 23.0                                                                      
                                                                                    
                                                                                    
                                                                                    
 1.0  2.0  4.0  6.0 11.0 12.0 16.0 19.0 20.0 22.0 23.0 35.0                         
 1.0 25.0 49.0                                                                      
 1.0  6.0 19.0 25.0 33.0 48.0                                                       